0 0.00186468
0.122 0.00548173
0.244 0.0197632
0.366 0.0447102
0.488 0.0800281
0.61 0.125738
0.732 0.181691
0.854 0.248352
0.976 0.324324
1.098 0.411039
1.22 0.507244
1.342 0.612619
1.464 0.727235
1.586 0.850359
1.708 0.982551
1.83 1.12442
1.952 1.27083
2.074 1.43085
2.196 1.59546
2.318 1.76861
2.44 1.94903
2.562 2.13739
2.684 2.32591
2.806 2.52577
2.928 2.73534
3.05 2.9509
3.172 3.16806
3.294 3.39203
3.416 3.62174
3.538 3.85433
3.66 4.09007
3.782 4.33057
3.904 4.58284
4.026 4.82975
4.148 5.08284
4.27 5.33814
4.392 5.60732
4.514 5.86714
4.636 6.1347
4.758 6.41191
4.88 6.68364
5.002 6.95771
5.124 7.2379
5.246 7.50874
5.368 7.80285
5.49 8.09142
5.612 8.37174
5.734 8.6688
5.856 8.94651
5.978 9.21896
6.1 9.50791
